#69000
captain ship sailor SAILING_PROG_MOB~
the captain of the ship~
The captain of the ship stands here, looking all sailor-like.~
He looks like a regular scurvy sea dog.
~
10 0 4 4 0 5d1+102 1d2+0 0 8 8 1 0 0 0 0
0 0 0 0 0 0 24 0 0 0 0 0 0 0 0 0
16 16 16 1 16 16 95 16
0 0
0 8 0 0 0 0 0 0 0 0
0 0 0 0 0 0 0 0 0 0
8 8 0 0 0 0 0 0 0 0
0 0 0 0 0 0 0 0 0 0
50 0 0 0 0 0 0 0 0 0
0 0 0 8 0 0 0 0 0 0
0 0 0 0 0 0 0 0 0 0
0 0 0 0 0 0 0 0 0 50
0 100 0 0 0 0 0 0 0 0
0 0 0 0 0 50 0 0 0 0
0 0 0 0 0 0 0 0 0 0
0 0 0 0 0 0 0 0 0 0
0 0 0 0 0 0 0 0 0 0
0 0 0 0 0 0 0 0 0 0
0 0 0 0 0 0 0 0 0 0
~
0 0 0
#69900
xDrugxDealing~
a new mobile~
(null)~
(null)~
4106 0 4 0 0 5d1+102 1d2+0 0 8 8 0 0 0 0 0
0 0 0 0 0 0 24 0 0 0 0 0 0 0 0 0
16 16 16 1 16 16 81 16
0 0
0 8 0 0 0 0 0 0 0 0
0 0 0 0 0 0 0 0 0 0
8 8 0 0 0 0 0 0 0 0
0 0 0 0 0 0 0 0 0 0
0 0 0 0 0 0 0 0 0 0
0 0 0 8 0 0 0 0 0 0
0 0 0 0 0 0 0 0 0 0
0 0 0 0 0 0 0 0 0 0
0 100 0 0 0 0 0 0 0 0
0 0 0 0 0 0 0 0 0 0
0 0 0 0 0 0 0 0 0 0
0 0 0 0 0 0 0 0 0 0
0 0 0 0 0 0 0 0 0 0
0 0 0 0 0 0 0 0 0 0
0 0 0 0 0 0 0 0 0 0
'member' drugpushers~
0 0 0
$~
