#60050
invis24 PROG_MOB_CASE_60006~
a man who shouldn't be visible~
You definitely shouldn't see this.~
Room program mob for room 60006.
Mob number 60050.
~
10 2 4 0 0 5d1+102 1d2+0 0 8 8 0 0 0 0 0
0 0 0 0 0 0 24 0 0 0 0 0 0 0 0 0
16 16 16 1 16 16 81 16
0 0
0 8 0 0 0 0 0 0 0 0
0 0 0 0 0 0 0 0 0 0
8 8 0 0 0 0 0 0 0 0
0 0 0 0 0 0 0 0 0 0
0 0 0 0 0 0 0 0 0 0
0 0 0 8 0 0 0 0 0 0
0 0 0 0 0 0 0 0 0 0
0 0 0 0 0 0 0 0 0 0
0 100 0 0 0 0 0 0 0 0
0 0 0 0 0 0 0 0 0 0
0 0 0 0 0 0 0 0 0 0
0 0 0 0 0 0 0 0 0 0
0 0 0 0 0 0 0 0 0 0
0 0 0 0 0 0 0 0 0 0
0 0 0 0 0 0 0 0 0 0
~
0 0 0
$~
