#97001
shopkeeper 15233 warehouse~
a placeholder for room 15233~
A placeholder for room 15233 tends the warehouse.~
(null)~
1050 0 4 0 0 5d1+102 1d2+0 0 8 8 0 0 0 0 0
0 0 0 0 0 0 24 0 0 0 0 0 0 0 0 0
16 16 16 1 16 16 81 16
1 0
0 15233 1.000000 1.000000 0.000000 0.000000 0
0.000000 0.000000 0 0.000000 0.000000 0 0
-1
0 0 0 0 0 0 0 0 0 0
0 8 0 0 0 0 0 0 0 0
0 0 0 0 0 0 0 0 0 0
8 8 0 0 0 0 0 0 0 0
0 0 0 0 0 0 0 0 0 0
0 0 0 0 0 0 0 0 0 0
0 0 0 8 0 0 0 0 0 0
0 0 0 0 0 0 0 0 0 0
0 0 0 0 0 0 0 0 0 0
0 100 0 0 0 0 0 0 0 0
0 0 0 0 0 0 0 0 0 0
0 0 0 0 0 0 0 0 0 0
0 0 0 0 0 0 0 0 0 0
0 0 0 0 0 0 0 0 0 0
0 0 0 0 0 0 0 0 0 0
0 0 0 0 0 0 0 0 0 0
~
0 0 0
#97002
shopkeeper placeholder 15231 warehouse~
a placeholder for 15231~
A placeholder for 15231 stands here.~
(null)~
1050 0 4 0 0 5d1+102 1d2+0 0 8 8 0 0 0 0 0
0 0 0 0 0 0 24 0 0 0 0 0 0 0 0 0
16 16 16 1 16 16 81 16
1 0
0 15231 1.000000 1.000000 0.000000 0.000000 0
0.000000 0.000000 0 0.000000 0.000000 0 0
-1
0 0 0 0 0 0 0 0 0 0
0 8 0 0 0 0 0 0 0 0
0 0 0 0 0 0 0 0 0 0
8 8 0 0 0 0 0 0 0 0
0 0 0 0 0 0 0 0 0 0
0 0 0 0 0 0 0 0 0 0
0 0 0 8 0 0 0 0 0 0
0 0 0 0 0 0 0 0 0 0
0 0 0 0 0 0 0 0 0 0
0 100 0 0 0 0 0 0 0 0
0 0 0 0 0 0 0 0 0 0
0 0 0 0 0 0 0 0 0 0
0 0 0 0 0 0 0 0 0 0
0 0 0 0 0 0 0 0 0 0
0 0 0 0 0 0 0 0 0 0
0 0 0 0 0 0 0 0 0 0
~
0 0 0
#97003
placeholder 15232 shopkeeper warehouse~
a placeholder for 15232~
A placeholder for 15232 stands here.~
(null)~
1050 0 4 0 0 5d1+102 1d2+0 0 8 8 0 0 0 0 0
0 0 0 0 0 0 24 0 0 0 0 0 0 0 0 0
16 16 16 1 16 16 81 16
1 0
0 15232 1.000000 1.000000 0.000000 0.000000 0
0.000000 0.000000 0 0.000000 0.000000 0 0
-1
0 0 0 0 0 0 0 0 0 0
0 8 0 0 0 0 0 0 0 0
0 0 0 0 0 0 0 0 0 0
8 8 0 0 0 0 0 0 0 0
0 0 0 0 0 0 0 0 0 0
0 0 0 0 0 0 0 0 0 0
0 0 0 8 0 0 0 0 0 0
0 0 0 0 0 0 0 0 0 0
0 0 0 0 0 0 0 0 0 0
0 100 0 0 0 0 0 0 0 0
0 0 0 0 0 0 0 0 0 0
0 0 0 0 0 0 0 0 0 0
0 0 0 0 0 0 0 0 0 0
0 0 0 0 0 0 0 0 0 0
0 0 0 0 0 0 0 0 0 0
0 0 0 0 0 0 0 0 0 0
~
0 0 0
#97004
placeholder 15234 warehouse shopkeeper~
a placeholderfor 15234~
A placeholder for 15234 stands here.~
(null)~
1050 0 4 0 0 5d1+102 1d2+0 0 8 8 0 0 0 0 0
0 0 0 0 0 0 24 0 0 0 0 0 0 0 0 0
16 16 16 1 16 16 81 16
1 0
0 15234 1.000000 1.000000 0.000000 0.000000 0
0.000000 0.000000 0 0.000000 0.000000 0 0
-1
0 0 0 0 0 0 0 0 0 0
0 8 0 0 0 0 0 0 0 0
0 0 0 0 0 0 0 0 0 0
8 8 0 0 0 0 0 0 0 0
0 0 0 0 0 0 0 0 0 0
0 0 0 0 0 0 0 0 0 0
0 0 0 8 0 0 0 0 0 0
0 0 0 0 0 0 0 0 0 0
0 0 0 0 0 0 0 0 0 0
0 100 0 0 0 0 0 0 0 0
0 0 0 0 0 0 0 0 0 0
0 0 0 0 0 0 0 0 0 0
0 0 0 0 0 0 0 0 0 0
0 0 0 0 0 0 0 0 0 0
0 0 0 0 0 0 0 0 0 0
0 0 0 0 0 0 0 0 0 0
~
0 0 0
$~
