#98001
huanshop testing shopkeeper~
a testing shopkeep for Huan~
A testing shopkeep for Huan stands here.~
(null)~
8 0 8 0 0 5d1+102 1d2+0 0 8 8 0 0 0 0 0
0 0 0 0 0 0 24 0 0 0 0 0 0 0 0 0
16 16 16 1 16 16 81 16
1 0
0 0 1.250000 0.670000 1.500000 0.500000 32
2.750000 1.000000 4 0.000000 0.000000 0 0
-1
0 0 0 0 0 0 0 0 0 0
0 16 0 0 0 0 0 0 0 0
0 0 0 0 0 0 0 0 0 0
16 16 0 0 0 0 0 0 0 0
0 0 0 0 0 0 0 0 0 0
0 0 0 0 0 0 0 0 0 0
0 0 0 16 0 0 0 0 0 0
0 0 0 0 0 0 0 0 0 0
0 0 0 0 0 0 0 0 0 0
0 100 0 0 0 0 0 0 0 0
0 0 0 0 0 0 0 0 0 0
0 0 0 0 0 0 0 0 0 0
0 0 0 0 0 0 0 0 0 0
0 0 0 0 0 0 0 0 0 0
0 0 0 0 0 0 0 0 0 0
0 0 0 0 0 0 0 0 0 0
~
0 0 0
$~
